(kicad_pcb (version 20171130) (host pcbnew 5.1.2-f72e74a~84~ubuntu16.04.1)

  (general
    (thickness 1.6)
    (drawings 20)
    (tracks 345)
    (zones 0)
    (modules 38)
    (nets 42)
  )

  (page A4)
  (layers
    (0 F.Cu signal)
    (31 B.Cu signal)
    (32 B.Adhes user hide)
    (33 F.Adhes user hide)
    (34 B.Paste user)
    (35 F.Paste user)
    (36 B.SilkS user)
    (37 F.SilkS user)
    (38 B.Mask user)
    (39 F.Mask user)
    (40 Dwgs.User user)
    (41 Cmts.User user hide)
    (42 Eco1.User user hide)
    (43 Eco2.User user hide)
    (44 Edge.Cuts user)
    (45 Margin user hide)
    (46 B.CrtYd user hide)
    (47 F.CrtYd user hide)
    (48 B.Fab user hide)
    (49 F.Fab user hide)
  )

  (setup
    (last_trace_width 0.254)
    (user_trace_width 0.254)
    (user_trace_width 0.381)
    (user_trace_width 0.508)
    (user_trace_width 0.762)
    (user_trace_width 1.016)
    (user_trace_width 1.27)
    (user_trace_width 2.032)
    (user_trace_width 2.54)
    (trace_clearance 0.2)
    (zone_clearance 0.254)
    (zone_45_only yes)
    (trace_min 0.2)
    (via_size 0.8)
    (via_drill 0.4)
    (via_min_size 0.4)
    (via_min_drill 0.3)
    (user_via 0.762 0.508)
    (user_via 1.016 0.508)
    (user_via 1.524 0.762)
    (uvia_size 0.3)
    (uvia_drill 0.1)
    (uvias_allowed no)
    (uvia_min_size 0.2)
    (uvia_min_drill 0.1)
    (edge_width 0.15)
    (segment_width 0.2)
    (pcb_text_width 0.3)
    (pcb_text_size 1.5 1.5)
    (mod_edge_width 0.15)
    (mod_text_size 1 1)
    (mod_text_width 0.15)
    (pad_size 3.048 5.08)
    (pad_drill 0)
    (pad_to_mask_clearance 0.051)
    (solder_mask_min_width 0.25)
    (aux_axis_origin 0 0)
    (visible_elements FFFFFF7F)
    (pcbplotparams
      (layerselection 0x00000_ffffffff)
      (usegerberextensions false)
      (usegerberattributes false)
      (usegerberadvancedattributes false)
      (creategerberjobfile false)
      (excludeedgelayer true)
      (linewidth 0.100000)
      (plotframeref false)
      (viasonmask false)
      (mode 1)
      (useauxorigin false)
      (hpglpennumber 1)
      (hpglpenspeed 20)
      (hpglpendiameter 15.000000)
      (psnegative false)
      (psa4output false)
      (plotreference true)
      (plotvalue false)
      (plotinvisibletext false)
      (padsonsilk false)
      (subtractmaskfromsilk false)
      (outputformat 5)
      (mirror false)
      (drillshape 2)
      (scaleselection 1)
      (outputdirectory ""))
  )

  (net 0 "")
  (net 1 "Net-(BT1-Pad1)")
  (net 2 GND)
  (net 3 VCC)
  (net 4 +5V)
  (net 5 "Net-(C7-Pad2)")
  (net 6 "Net-(C8-Pad2)")
  (net 7 rst)
  (net 8 mosi)
  (net 9 sck)
  (net 10 miso)
  (net 11 "Net-(J2-Pad1)")
  (net 12 /chrg_lvl)
  (net 13 "Net-(SW2-Pad1)")
  (net 14 /motion)
  (net 15 "Net-(U4-Pad15)")
  (net 16 /lora_rst)
  (net 17 /lora_cs)
  (net 18 "Net-(U4-Pad8)")
  (net 19 "Net-(U4-Pad7)")
  (net 20 /irq)
  (net 21 "Net-(U4-Pad4)")
  (net 22 "Net-(U4-Pad3)")
  (net 23 "Net-(U3-Pad28)")
  (net 24 "Net-(U3-Pad22)")
  (net 25 "Net-(U3-Pad20)")
  (net 26 "Net-(U3-Pad19)")
  (net 27 "Net-(U3-Pad14)")
  (net 28 /tx)
  (net 29 /rx)
  (net 30 /lora_vin)
  (net 31 "Net-(JP1-Pad1)")
  (net 32 "Net-(JP2-Pad1)")
  (net 33 "Net-(JP3-Pad1)")
  (net 34 "Net-(U1-Pad5)")
  (net 35 "Net-(D3-Pad1)")
  (net 36 "Net-(D3-Pad2)")
  (net 37 "Net-(U3-Pad2)")
  (net 38 "Net-(U3-Pad27)")
  (net 39 /enable)
  (net 40 "Net-(JP4-Pad2)")
  (net 41 "Net-(L1-Pad1)")

  (net_class Default "This is the default net class."
    (clearance 0.2)
    (trace_width 0.25)
    (via_dia 0.8)
    (via_drill 0.4)
    (uvia_dia 0.3)
    (uvia_drill 0.1)
    (add_net +5V)
    (add_net /chrg_lvl)
    (add_net /enable)
    (add_net /irq)
    (add_net /lora_cs)
    (add_net /lora_rst)
    (add_net /lora_vin)
    (add_net /motion)
    (add_net /rx)
    (add_net /tx)
    (add_net GND)
    (add_net "Net-(BT1-Pad1)")
    (add_net "Net-(C7-Pad2)")
    (add_net "Net-(C8-Pad2)")
    (add_net "Net-(D3-Pad1)")
    (add_net "Net-(D3-Pad2)")
    (add_net "Net-(J2-Pad1)")
    (add_net "Net-(JP1-Pad1)")
    (add_net "Net-(JP2-Pad1)")
    (add_net "Net-(JP3-Pad1)")
    (add_net "Net-(JP4-Pad2)")
    (add_net "Net-(L1-Pad1)")
    (add_net "Net-(SW2-Pad1)")
    (add_net "Net-(U1-Pad5)")
    (add_net "Net-(U3-Pad14)")
    (add_net "Net-(U3-Pad19)")
    (add_net "Net-(U3-Pad2)")
    (add_net "Net-(U3-Pad20)")
    (add_net "Net-(U3-Pad22)")
    (add_net "Net-(U3-Pad27)")
    (add_net "Net-(U3-Pad28)")
    (add_net "Net-(U4-Pad15)")
    (add_net "Net-(U4-Pad3)")
    (add_net "Net-(U4-Pad4)")
    (add_net "Net-(U4-Pad7)")
    (add_net "Net-(U4-Pad8)")
    (add_net VCC)
    (add_net miso)
    (add_net mosi)
    (add_net rst)
    (add_net sck)
  )

  (module MainWorking:RCWL-0516 (layer F.Cu) (tedit 5CC37AEF) (tstamp 5C5DD7E2)
    (at 124.206 22.606)
    (path /5C59F80A)
    (fp_text reference U1 (at 8.128 37.592 180) (layer F.SilkS)
      (effects (font (size 1 1) (thickness 0.15)))
    )
    (fp_text value RCWL-0516 (at 0 -0.5) (layer F.Fab)
      (effects (font (size 1 1) (thickness 0.15)))
    )
    (fp_line (start -11.303 36.703) (end 11.43 36.703) (layer F.SilkS) (width 0.15))
    (fp_line (start 11.43 38.608) (end 11.43 2.54) (layer F.SilkS) (width 0.15))
    (fp_line (start -11.303 38.608) (end 11.43 38.608) (layer F.SilkS) (width 0.15))
    (fp_line (start -11.303 2.54) (end -11.303 38.608) (layer F.SilkS) (width 0.15))
    (fp_line (start 11.43 2.54) (end -11.303 2.54) (layer F.SilkS) (width 0.15))
    (pad 1 thru_hole circle (at -5.08 37.592) (size 1.524 1.524) (drill 0.762) (layers *.Cu *.Mask)
      (net 40 "Net-(JP4-Pad2)"))
    (pad 2 thru_hole circle (at -2.54 37.592) (size 1.524 1.524) (drill 0.762) (layers *.Cu *.Mask)
      (net 4 +5V))
    (pad 5 thru_hole circle (at 5.08 37.592) (size 1.524 1.524) (drill 0.762) (layers *.Cu *.Mask)
      (net 34 "Net-(U1-Pad5)"))
    (pad 4 thru_hole circle (at 2.54 37.592) (size 1.524 1.524) (drill 0.762) (layers *.Cu *.Mask)
      (net 2 GND))
    (pad 3 thru_hole circle (at 0 37.592) (size 1.524 1.524) (drill 0.762) (layers *.Cu *.Mask)
      (net 14 /motion))
    (model /home/cale/CAD/freecad/EDAparts/Body.step
      (offset (xyz 11.176 -38.608 2.54))
      (scale (xyz 1 1 1))
      (rotate (xyz 0 0 0))
    )
  )

  (module MainWorking:XTAL_SMD_Standard (layer F.Cu) (tedit 5CBDE61A) (tstamp 5C838A09)
    (at 131.826 68.834 90)
    (path /5C5A165B)
    (fp_text reference Y1 (at 0.127 -0.508 90) (layer F.SilkS)
      (effects (font (size 1 1) (thickness 0.15)))
    )
    (fp_text value 8mhz (at 0 -2.54 90) (layer F.Fab)
      (effects (font (size 1 1) (thickness 0.15)))
    )
    (fp_line (start -7.62 0.381) (end -6.604 0.381) (layer F.CrtYd) (width 0.15))
    (fp_line (start -7.62 6.223) (end -7.62 0.381) (layer F.CrtYd) (width 0.15))
    (fp_line (start 7.62 6.223) (end -7.62 6.223) (layer F.CrtYd) (width 0.15))
    (fp_line (start 7.62 0.381) (end 7.62 6.223) (layer F.CrtYd) (width 0.15))
    (fp_line (start -6.604 0.381) (end 7.62 0.381) (layer F.CrtYd) (width 0.15))
    (fp_line (start 6.35 5.842) (end 6.35 4.572) (layer F.SilkS) (width 0.15))
    (fp_line (start 5.969 5.842) (end 6.35 5.842) (layer F.SilkS) (width 0.15))
    (fp_line (start 6.35 0.762) (end 5.969 0.762) (layer F.SilkS) (width 0.15))
    (fp_line (start 6.35 2.032) (end 6.35 0.762) (layer F.SilkS) (width 0.15))
    (fp_line (start -6.35 5.842) (end -6.35 4.572) (layer F.SilkS) (width 0.15))
    (fp_line (start -6.35 0.762) (end -6.35 2.032) (layer F.SilkS) (width 0.15))
    (fp_line (start 5.969 0.762) (end -6.35 0.762) (layer F.SilkS) (width 0.15))
    (fp_line (start -6.35 5.842) (end 5.969 5.842) (layer F.SilkS) (width 0.15))
    (pad 1 smd rect (at -4.699 3.302 90) (size 5.588 2.286) (layers F.Cu F.Paste F.Mask)
      (net 5 "Net-(C7-Pad2)"))
    (pad 2 smd rect (at 4.699 3.302 90) (size 5.588 2.286) (layers F.Cu F.Paste F.Mask)
      (net 6 "Net-(C8-Pad2)"))
    (model /home/cale/CAD/freecad/EDAparts/Xtal_smd_std.wrl
      (offset (xyz -5.618480000000001 -0.9144 0))
      (scale (xyz 0.39 0.39 0.39))
      (rotate (xyz 0 0 90))
    )
  )

  (module MainWorking:18650_Single_Holder (layer B.Cu) (tedit 5CBF94D7) (tstamp 5C79CC2A)
    (at 124.206 134.112001)
    (path /5C59F95B)
    (fp_text reference BT1 (at 0 -0.5) (layer B.SilkS)
      (effects (font (size 1 1) (thickness 0.15)) (justify mirror))
    )
    (fp_text value 18650 (at 0 0.5) (layer B.Fab)
      (effects (font (size 1 1) (thickness 0.15)) (justify mirror))
    )
    (fp_line (start 10.16 -75.946) (end -10.16 -75.946) (layer B.SilkS) (width 0.15))
    (fp_line (start -10.16 -6.858) (end 10.16 -6.858) (layer B.SilkS) (width 0.15))
    (fp_circle (center 0 -12.7) (end 1.016 -12.954) (layer B.SilkS) (width 0.15))
    (fp_circle (center 0 -69.088) (end 1.016 -69.088) (layer B.SilkS) (width 0.15))
    (fp_line (start -10.16 -80.264) (end -10.16 -2.54) (layer B.SilkS) (width 0.15))
    (fp_line (start 10.16 -80.264) (end -10.16 -80.264) (layer B.SilkS) (width 0.15))
    (fp_line (start 10.16 -2.54) (end 10.16 -80.264) (layer B.SilkS) (width 0.15))
    (fp_line (start -10.16 -2.54) (end 10.16 -2.54) (layer B.SilkS) (width 0.15))
    (pad 2 thru_hole circle (at 0 -77.978) (size 3.048 3.048) (drill 1.524) (layers *.Cu *.Mask)
      (net 2 GND))
    (pad 1 smd oval (at 0 -4.826) (size 3.048 5.08) (layers B.Cu B.Paste B.Mask)
      (net 1 "Net-(BT1-Pad1)"))
    (model /home/cale/CAD/freecad/EDAparts/18650_single_holder.wrl
      (offset (xyz -10.0076 -80.54340000000001 -0))
      (scale (xyz 0.39 0.39 0.39))
      (rotate (xyz 0 0 0))
    )
  )

  (module MainWorking:SMA_edgelaunch_SMD (layer F.Cu) (tedit 5CBF8D5D) (tstamp 5C721A05)
    (at 124.206 138.557 180)
    (path /5C5D2EEE)
    (fp_text reference J2 (at 0 0.5 180) (layer F.SilkS)
      (effects (font (size 1 1) (thickness 0.15)))
    )
    (fp_text value Conn_Coaxial (at 0 -0.5 180) (layer F.Fab)
      (effects (font (size 1 1) (thickness 0.15)))
    )
    (fp_line (start 3.175 -5.969) (end 3.175 1.016) (layer F.SilkS) (width 0.15))
    (fp_line (start -3.175 -5.969) (end 3.175 -5.969) (layer F.SilkS) (width 0.15))
    (fp_line (start -3.175 1.016) (end -3.175 -5.969) (layer F.SilkS) (width 0.15))
    (fp_line (start 4.445 1.016) (end 4.445 6.731) (layer F.SilkS) (width 0.15))
    (fp_line (start -4.445 1.016) (end 4.445 1.016) (layer F.SilkS) (width 0.15))
    (fp_line (start -4.445 6.731) (end -4.445 1.016) (layer F.SilkS) (width 0.15))
    (fp_line (start 4.445 0.254) (end 4.445 1.016) (layer F.SilkS) (width 0.15))
    (fp_line (start -4.445 0.254) (end 4.445 0.254) (layer F.SilkS) (width 0.15))
    (fp_line (start -4.445 1.016) (end -4.445 0.254) (layer F.SilkS) (width 0.15))
    (pad 2 smd trapezoid (at -2.794 3.556 180) (size 1.5 5) (layers F.Cu F.Paste F.Mask)
      (net 2 GND) (zone_connect 2))
    (pad 2 smd trapezoid (at 2.794 3.556 180) (size 1.5 5) (layers B.Cu F.Paste F.Mask)
      (net 2 GND))
    (pad 2 smd trapezoid (at -2.794 3.556 180) (size 1.5 5) (layers B.Cu F.Paste F.Mask)
      (net 2 GND))
    (pad 2 smd trapezoid (at 2.794 3.556 180) (size 1.5 5) (layers F.Cu F.Paste F.Mask)
      (net 2 GND) (zone_connect 2))
    (pad 1 smd trapezoid (at 0 3.556 180) (size 1 5) (layers F.Cu F.Paste F.Mask)
      (net 11 "Net-(J2-Pad1)"))
    (model /home/cale/CAD/freecad/EDAparts/SMA_edgelaunch.wrl
      (offset (xyz -3.1242 -0.9651999999999998 -2.7178))
      (scale (xyz 0.38 0.38 0.38))
      (rotate (xyz -90 0 180))
    )
  )

  (module MainWorking:LORA_SX1278_Module locked (layer F.Cu) (tedit 5CBD2658) (tstamp 5C5DD812)
    (at 124.206 125.222 180)
    (tags "lora radio module sx1278 rf 433")
    (path /5C5A13FE)
    (attr smd)
    (fp_text reference U4 (at 0 26.162 180) (layer F.SilkS)
      (effects (font (size 1 1) (thickness 0.15)))
    )
    (fp_text value Sx1278_LORA_EE1 (at 0 28.194 180) (layer F.Fab)
      (effects (font (size 1 1) (thickness 0.15)))
    )
    (fp_text user "Pin 1" (at -7.62 8.128 270) (layer F.SilkS)
      (effects (font (size 1 1) (thickness 0.15)))
    )
    (fp_line (start -6.858 12.7) (end -6.858 10.16) (layer F.SilkS) (width 0.15))
    (fp_line (start -8.128 12.7) (end -6.858 12.7) (layer F.SilkS) (width 0.15))
    (fp_line (start -8.128 27.178) (end -8.128 10.16) (layer F.SilkS) (width 0.15))
    (fp_line (start 8.128 27.178) (end -8.128 27.178) (layer F.SilkS) (width 0.15))
    (fp_line (start 8.128 10.16) (end 8.128 27.178) (layer F.SilkS) (width 0.15))
    (fp_line (start -8.128 10.16) (end 8.128 10.16) (layer F.SilkS) (width 0.15))
    (pad 1 smd rect (at -8.128 11.684 180) (size 2.286 1.524) (layers F.Cu F.Paste F.Mask)
      (net 11 "Net-(J2-Pad1)"))
    (pad 2 smd rect (at -8.128 13.716 180) (size 2.286 1.524) (layers F.Cu F.Paste F.Mask)
      (net 2 GND) (zone_connect 2))
    (pad 3 smd rect (at -8.128 15.748 180) (size 2.286 1.524) (layers F.Cu F.Paste F.Mask)
      (net 22 "Net-(U4-Pad3)"))
    (pad 4 smd rect (at -8.128 17.78 180) (size 2.286 1.524) (layers F.Cu F.Paste F.Mask)
      (net 21 "Net-(U4-Pad4)"))
    (pad 5 smd rect (at -8.128 19.812 180) (size 2.286 1.524) (layers F.Cu F.Paste F.Mask)
      (net 30 /lora_vin))
    (pad 6 smd rect (at -8.128 21.844 180) (size 2.286 1.524) (layers F.Cu F.Paste F.Mask)
      (net 20 /irq))
    (pad 7 smd rect (at -8.128 23.876 180) (size 2.286 1.524) (layers F.Cu F.Paste F.Mask)
      (net 19 "Net-(U4-Pad7)"))
    (pad 8 smd rect (at -8.128 25.908 180) (size 2.286 1.524) (layers F.Cu F.Paste F.Mask)
      (net 18 "Net-(U4-Pad8)"))
    (pad 9 smd rect (at 8.128 25.908 180) (size 2.286 1.524) (layers F.Cu F.Paste F.Mask)
      (net 2 GND) (zone_connect 2))
    (pad 10 smd rect (at 8.128 23.876 180) (size 2.286 1.524) (layers F.Cu F.Paste F.Mask)
      (net 10 miso))
    (pad 11 smd rect (at 8.128 21.844 180) (size 2.286 1.524) (layers F.Cu F.Paste F.Mask)
      (net 8 mosi))
    (pad 12 smd rect (at 8.128 19.812 180) (size 2.286 1.524) (layers F.Cu F.Paste F.Mask)
      (net 9 sck))
    (pad 13 smd rect (at 8.128 17.78 180) (size 2.286 1.524) (layers F.Cu F.Paste F.Mask)
      (net 17 /lora_cs))
    (pad 14 smd rect (at 8.128 15.748 180) (size 2.286 1.524) (layers F.Cu F.Paste F.Mask)
      (net 16 /lora_rst))
    (pad 15 smd rect (at 8.128 13.716 180) (size 2.286 1.524) (layers F.Cu F.Paste F.Mask)
      (net 15 "Net-(U4-Pad15)"))
    (pad 16 smd rect (at 8.128 11.684 180) (size 2.286 1.524) (layers F.Cu F.Paste F.Mask)
      (net 2 GND))
    (model /home/cale/CAD/freecad/EDAparts/LORA.wrl
      (offset (xyz 7.6962 -26.67 0))
      (scale (xyz 0.38 0.38 0.38))
      (rotate (xyz 0 0 0))
    )
  )

  (module Inductors_SMD:L_0805_HandSoldering (layer F.Cu) (tedit 58307B90) (tstamp 5C5DD701)
    (at 114.601 69.469 180)
    (descr "Resistor SMD 0805, hand soldering")
    (tags "resistor 0805")
    (path /5C5D1DB4)
    (attr smd)
    (fp_text reference L1 (at -3.255 0) (layer F.SilkS)
      (effects (font (size 1 1) (thickness 0.15)))
    )
    (fp_text value 4.7uh (at 0 2.1 180) (layer F.Fab)
      (effects (font (size 1 1) (thickness 0.15)))
    )
    (fp_line (start -0.6 -0.88) (end 0.6 -0.88) (layer F.SilkS) (width 0.12))
    (fp_line (start 0.6 0.88) (end -0.6 0.88) (layer F.SilkS) (width 0.12))
    (fp_line (start 2.4 -1) (end 2.4 1) (layer F.CrtYd) (width 0.05))
    (fp_line (start -2.4 -1) (end -2.4 1) (layer F.CrtYd) (width 0.05))
    (fp_line (start -2.4 1) (end 2.4 1) (layer F.CrtYd) (width 0.05))
    (fp_line (start -2.4 -1) (end 2.4 -1) (layer F.CrtYd) (width 0.05))
    (fp_line (start -1 -0.62) (end 1 -0.62) (layer F.Fab) (width 0.1))
    (fp_line (start 1 -0.62) (end 1 0.62) (layer F.Fab) (width 0.1))
    (fp_line (start 1 0.62) (end -1 0.62) (layer F.Fab) (width 0.1))
    (fp_line (start -1 0.62) (end -1 -0.62) (layer F.Fab) (width 0.1))
    (fp_text user %R (at 0 0 180) (layer F.Fab)
      (effects (font (size 0.5 0.5) (thickness 0.075)))
    )
    (pad 2 smd rect (at 1.35 0 180) (size 1.5 1.3) (layers F.Cu F.Paste F.Mask)
      (net 3 VCC))
    (pad 1 smd rect (at -1.35 0 180) (size 1.5 1.3) (layers F.Cu F.Paste F.Mask)
      (net 41 "Net-(L1-Pad1)"))
    (model ${KISYS3DMOD}/Inductors_SMD.3dshapes/L_0805.wrl
      (at (xyz 0 0 0))
      (scale (xyz 1 1 1))
      (rotate (xyz 0 0 0))
    )
  )

  (module MainWorking:solder_jumper (layer F.Cu) (tedit 5C70650D) (tstamp 5C7212E6)
    (at 123.317 67.6402 270)
    (tags "solder jumper bridge set setting")
    (path /5C7231BE)
    (fp_text reference JP1 (at 2.7432 2.54 270) (layer F.SilkS)
      (effects (font (size 1 1) (thickness 0.15)))
    )
    (fp_text value Jumper (at 0 -0.5 270) (layer F.Fab)
      (effects (font (size 1 1) (thickness 0.15)))
    )
    (fp_line (start -1.27 2.286) (end -1.27 1.778) (layer B.Paste) (width 0.15))
    (fp_line (start -1.27 1.778) (end 1.27 1.778) (layer B.Paste) (width 0.15))
    (fp_line (start 1.27 1.778) (end 1.27 2.286) (layer B.Paste) (width 0.15))
    (fp_line (start -1.27 2.794) (end -1.27 3.302) (layer B.Paste) (width 0.15))
    (fp_line (start -1.27 3.302) (end 1.27 3.302) (layer B.Paste) (width 0.15))
    (fp_line (start 1.27 3.302) (end 1.27 2.794) (layer B.Paste) (width 0.15))
    (pad 1 smd roundrect (at 0.5842 2.54 270) (size 0.762 1.27) (layers F.Cu F.Paste F.Mask) (roundrect_rratio 0.25)
      (net 31 "Net-(JP1-Pad1)"))
    (pad 2 smd roundrect (at -0.5842 2.54 270) (size 0.762 1.27) (layers F.Cu F.Paste F.Mask) (roundrect_rratio 0.25)
      (net 2 GND))
  )

  (module MainWorking:solder_jumper (layer F.Cu) (tedit 5C70650D) (tstamp 5C7212F2)
    (at 126.873 67.6148 270)
    (tags "solder jumper bridge set setting")
    (path /5C723252)
    (fp_text reference JP2 (at 2.8702 2.667 270) (layer F.SilkS)
      (effects (font (size 1 1) (thickness 0.15)))
    )
    (fp_text value Jumper (at 0 -0.5 270) (layer F.Fab)
      (effects (font (size 1 1) (thickness 0.15)))
    )
    (fp_line (start 1.27 3.302) (end 1.27 2.794) (layer B.Paste) (width 0.15))
    (fp_line (start -1.27 3.302) (end 1.27 3.302) (layer B.Paste) (width 0.15))
    (fp_line (start -1.27 2.794) (end -1.27 3.302) (layer B.Paste) (width 0.15))
    (fp_line (start 1.27 1.778) (end 1.27 2.286) (layer B.Paste) (width 0.15))
    (fp_line (start -1.27 1.778) (end 1.27 1.778) (layer B.Paste) (width 0.15))
    (fp_line (start -1.27 2.286) (end -1.27 1.778) (layer B.Paste) (width 0.15))
    (pad 2 smd roundrect (at -0.5842 2.54 270) (size 0.762 1.27) (layers F.Cu F.Paste F.Mask) (roundrect_rratio 0.25)
      (net 2 GND))
    (pad 1 smd roundrect (at 0.5842 2.54 270) (size 0.762 1.27) (layers F.Cu F.Paste F.Mask) (roundrect_rratio 0.25)
      (net 32 "Net-(JP2-Pad1)"))
  )

  (module MainWorking:solder_jumper (layer F.Cu) (tedit 5C70650D) (tstamp 5C7212FE)
    (at 125.095 67.6402 270)
    (tags "solder jumper bridge set setting")
    (path /5C7232AC)
    (fp_text reference JP3 (at 2.7432 2.54 270) (layer F.SilkS)
      (effects (font (size 1 1) (thickness 0.15)))
    )
    (fp_text value Jumper (at 0 -0.5 270) (layer F.Fab)
      (effects (font (size 1 1) (thickness 0.15)))
    )
    (fp_line (start -1.27 2.286) (end -1.27 1.778) (layer B.Paste) (width 0.15))
    (fp_line (start -1.27 1.778) (end 1.27 1.778) (layer B.Paste) (width 0.15))
    (fp_line (start 1.27 1.778) (end 1.27 2.286) (layer B.Paste) (width 0.15))
    (fp_line (start -1.27 2.794) (end -1.27 3.302) (layer B.Paste) (width 0.15))
    (fp_line (start -1.27 3.302) (end 1.27 3.302) (layer B.Paste) (width 0.15))
    (fp_line (start 1.27 3.302) (end 1.27 2.794) (layer B.Paste) (width 0.15))
    (pad 1 smd roundrect (at 0.5842 2.54 270) (size 0.762 1.27) (layers F.Cu F.Paste F.Mask) (roundrect_rratio 0.25)
      (net 33 "Net-(JP3-Pad1)"))
    (pad 2 smd roundrect (at -0.5842 2.54 270) (size 0.762 1.27) (layers F.Cu F.Paste F.Mask) (roundrect_rratio 0.25)
      (net 2 GND))
  )

  (module MainWorking:solder_jumper (layer B.Cu) (tedit 5C997881) (tstamp 5C80B749)
    (at 110.49 62.0522 270)
    (tags "solder jumper bridge set setting")
    (path /5C77339C)
    (fp_text reference JP4 (at 0 -0.5 270) (layer B.SilkS) hide
      (effects (font (size 1 1) (thickness 0.15)) (justify mirror))
    )
    (fp_text value Jumper (at 0 0.5 270) (layer B.Fab)
      (effects (font (size 1 1) (thickness 0.15)) (justify mirror))
    )
    (fp_line (start -1.27 -2.286) (end -1.27 -1.778) (layer F.Paste) (width 0.15))
    (fp_line (start -1.27 -1.778) (end 1.27 -1.778) (layer F.Paste) (width 0.15))
    (fp_line (start 1.27 -1.778) (end 1.27 -2.286) (layer F.Paste) (width 0.15))
    (fp_line (start -1.27 -2.794) (end -1.27 -3.302) (layer F.Paste) (width 0.15))
    (fp_line (start -1.27 -3.302) (end 1.27 -3.302) (layer F.Paste) (width 0.15))
    (fp_line (start 1.27 -3.302) (end 1.27 -2.794) (layer F.Paste) (width 0.15))
    (pad 1 smd roundrect (at 0.5842 -2.54 270) (size 0.762 1.27) (layers B.Cu B.Paste B.Mask) (roundrect_rratio 0.25)
      (net 39 /enable))
    (pad 2 smd roundrect (at -0.5842 -2.54 270) (size 0.762 1.27) (layers B.Cu B.Paste B.Mask) (roundrect_rratio 0.25)
      (net 40 "Net-(JP4-Pad2)"))
  )

  (module Capacitor_SMD:C_0805_2012Metric (layer F.Cu) (tedit 5B36C52B) (tstamp 5CB994D5)
    (at 129.086893 74.476893 135)
    (descr "Capacitor SMD 0805 (2012 Metric), square (rectangular) end terminal, IPC_7351 nominal, (Body size source: https://docs.google.com/spreadsheets/d/1BsfQQcO9C6DZCsRaXUlFlo91Tg2WpOkGARC1WS5S8t0/edit?usp=sharing), generated with kicad-footprint-generator")
    (tags capacitor)
    (path /5C5A2948)
    (attr smd)
    (fp_text reference C3 (at 0 -1.65 135) (layer F.SilkS)
      (effects (font (size 1 1) (thickness 0.15)))
    )
    (fp_text value .1uf (at 0 1.65 135) (layer F.Fab)
      (effects (font (size 1 1) (thickness 0.15)))
    )
    (fp_text user %R (at 0 0 135) (layer F.Fab)
      (effects (font (size 0.5 0.5) (thickness 0.08)))
    )
    (fp_line (start 1.68 0.95) (end -1.68 0.95) (layer F.CrtYd) (width 0.05))
    (fp_line (start 1.68 -0.95) (end 1.68 0.95) (layer F.CrtYd) (width 0.05))
    (fp_line (start -1.68 -0.95) (end 1.68 -0.95) (layer F.CrtYd) (width 0.05))
    (fp_line (start -1.68 0.95) (end -1.68 -0.95) (layer F.CrtYd) (width 0.05))
    (fp_line (start -0.258578 0.71) (end 0.258578 0.71) (layer F.SilkS) (width 0.12))
    (fp_line (start -0.258578 -0.71) (end 0.258578 -0.71) (layer F.SilkS) (width 0.12))
    (fp_line (start 1 0.6) (end -1 0.6) (layer F.Fab) (width 0.1))
    (fp_line (start 1 -0.6) (end 1 0.6) (layer F.Fab) (width 0.1))
    (fp_line (start -1 -0.6) (end 1 -0.6) (layer F.Fab) (width 0.1))
    (fp_line (start -1 0.6) (end -1 -0.6) (layer F.Fab) (width 0.1))
    (pad 2 smd roundrect (at 0.9375 0 135) (size 0.975 1.4) (layers F.Cu F.Paste F.Mask) (roundrect_rratio 0.25)
      (net 3 VCC))
    (pad 1 smd roundrect (at -0.9375 0 135) (size 0.975 1.4) (layers F.Cu F.Paste F.Mask) (roundrect_rratio 0.25)
      (net 2 GND))
    (model ${KISYS3DMOD}/Capacitor_SMD.3dshapes/C_0805_2012Metric.wrl
      (at (xyz 0 0 0))
      (scale (xyz 1 1 1))
      (rotate (xyz 0 0 0))
    )
  )

  (module Capacitor_SMD:C_0805_2012Metric (layer F.Cu) (tedit 5B36C52B) (tstamp 5CB994E5)
    (at 113.157 61.103 90)
    (descr "Capacitor SMD 0805 (2012 Metric), square (rectangular) end terminal, IPC_7351 nominal, (Body size source: https://docs.google.com/spreadsheets/d/1BsfQQcO9C6DZCsRaXUlFlo91Tg2WpOkGARC1WS5S8t0/edit?usp=sharing), generated with kicad-footprint-generator")
    (tags capacitor)
    (path /5C5CD5A3)
    (attr smd)
    (fp_text reference C4 (at 0.397 -1.651 90) (layer F.SilkS)
      (effects (font (size 1 1) (thickness 0.15)))
    )
    (fp_text value 10uf (at 0 1.65 90) (layer F.Fab)
      (effects (font (size 1 1) (thickness 0.15)))
    )
    (fp_line (start -1 0.6) (end -1 -0.6) (layer F.Fab) (width 0.1))
    (fp_line (start -1 -0.6) (end 1 -0.6) (layer F.Fab) (width 0.1))
    (fp_line (start 1 -0.6) (end 1 0.6) (layer F.Fab) (width 0.1))
    (fp_line (start 1 0.6) (end -1 0.6) (layer F.Fab) (width 0.1))
    (fp_line (start -0.258578 -0.71) (end 0.258578 -0.71) (layer F.SilkS) (width 0.12))
    (fp_line (start -0.258578 0.71) (end 0.258578 0.71) (layer F.SilkS) (width 0.12))
    (fp_line (start -1.68 0.95) (end -1.68 -0.95) (layer F.CrtYd) (width 0.05))
    (fp_line (start -1.68 -0.95) (end 1.68 -0.95) (layer F.CrtYd) (width 0.05))
    (fp_line (start 1.68 -0.95) (end 1.68 0.95) (layer F.CrtYd) (width 0.05))
    (fp_line (start 1.68 0.95) (end -1.68 0.95) (layer F.CrtYd) (width 0.05))
    (fp_text user %R (at 0 0 90) (layer F.Fab)
      (effects (font (size 0.5 0.5) (thickness 0.08)))
    )
    (pad 1 smd roundrect (at -0.9375 0 90) (size 0.975 1.4) (layers F.Cu F.Paste F.Mask) (roundrect_rratio 0.25)
      (net 4 +5V))
    (pad 2 smd roundrect (at 0.9375 0 90) (size 0.975 1.4) (layers F.Cu F.Paste F.Mask) (roundrect_rratio 0.25)
      (net 2 GND))
    (model ${KISYS3DMOD}/Capacitor_SMD.3dshapes/C_0805_2012Metric.wrl
      (at (xyz 0 0 0))
      (scale (xyz 1 1 1))
      (rotate (xyz 0 0 0))
    )
  )

  (module Capacitor_SMD:C_0805_2012Metric (layer F.Cu) (tedit 5B36C52B) (tstamp 5CB994F5)
    (at 114.935 61.103001 90)
    (descr "Capacitor SMD 0805 (2012 Metric), square (rectangular) end terminal, IPC_7351 nominal, (Body size source: https://docs.google.com/spreadsheets/d/1BsfQQcO9C6DZCsRaXUlFlo91Tg2WpOkGARC1WS5S8t0/edit?usp=sharing), generated with kicad-footprint-generator")
    (tags capacitor)
    (path /5C5CD64A)
    (attr smd)
    (fp_text reference C5 (at 3.191001 0.127 90) (layer F.SilkS)
      (effects (font (size 1 1) (thickness 0.15)))
    )
    (fp_text value 10uf (at 0 1.65 90) (layer F.Fab)
      (effects (font (size 1 1) (thickness 0.15)))
    )
    (fp_text user %R (at 0 0 90) (layer F.Fab)
      (effects (font (size 0.5 0.5) (thickness 0.08)))
    )
    (fp_line (start 1.68 0.95) (end -1.68 0.95) (layer F.CrtYd) (width 0.05))
    (fp_line (start 1.68 -0.95) (end 1.68 0.95) (layer F.CrtYd) (width 0.05))
    (fp_line (start -1.68 -0.95) (end 1.68 -0.95) (layer F.CrtYd) (width 0.05))
    (fp_line (start -1.68 0.95) (end -1.68 -0.95) (layer F.CrtYd) (width 0.05))
    (fp_line (start -0.258578 0.71) (end 0.258578 0.71) (layer F.SilkS) (width 0.12))
    (fp_line (start -0.258578 -0.71) (end 0.258578 -0.71) (layer F.SilkS) (width 0.12))
    (fp_line (start 1 0.6) (end -1 0.6) (layer F.Fab) (width 0.1))
    (fp_line (start 1 -0.6) (end 1 0.6) (layer F.Fab) (width 0.1))
    (fp_line (start -1 -0.6) (end 1 -0.6) (layer F.Fab) (width 0.1))
    (fp_line (start -1 0.6) (end -1 -0.6) (layer F.Fab) (width 0.1))
    (pad 2 smd roundrect (at 0.9375 0 90) (size 0.975 1.4) (layers F.Cu F.Paste F.Mask) (roundrect_rratio 0.25)
      (net 2 GND))
    (pad 1 smd roundrect (at -0.9375 0 90) (size 0.975 1.4) (layers F.Cu F.Paste F.Mask) (roundrect_rratio 0.25)
      (net 4 +5V))
    (model ${KISYS3DMOD}/Capacitor_SMD.3dshapes/C_0805_2012Metric.wrl
      (at (xyz 0 0 0))
      (scale (xyz 1 1 1))
      (rotate (xyz 0 0 0))
    )
  )

  (module Capacitor_SMD:C_0805_2012Metric (layer F.Cu) (tedit 5B36C52B) (tstamp 5CB99505)
    (at 116.84 61.103 90)
    (descr "Capacitor SMD 0805 (2012 Metric), square (rectangular) end terminal, IPC_7351 nominal, (Body size source: https://docs.google.com/spreadsheets/d/1BsfQQcO9C6DZCsRaXUlFlo91Tg2WpOkGARC1WS5S8t0/edit?usp=sharing), generated with kicad-footprint-generator")
    (tags capacitor)
    (path /5C5CD694)
    (attr smd)
    (fp_text reference C6 (at 3.191 0 90) (layer F.SilkS)
      (effects (font (size 1 1) (thickness 0.15)))
    )
    (fp_text value 10uf (at 0 1.65 90) (layer F.Fab)
      (effects (font (size 1 1) (thickness 0.15)))
    )
    (fp_line (start -1 0.6) (end -1 -0.6) (layer F.Fab) (width 0.1))
    (fp_line (start -1 -0.6) (end 1 -0.6) (layer F.Fab) (width 0.1))
    (fp_line (start 1 -0.6) (end 1 0.6) (layer F.Fab) (width 0.1))
    (fp_line (start 1 0.6) (end -1 0.6) (layer F.Fab) (width 0.1))
    (fp_line (start -0.258578 -0.71) (end 0.258578 -0.71) (layer F.SilkS) (width 0.12))
    (fp_line (start -0.258578 0.71) (end 0.258578 0.71) (layer F.SilkS) (width 0.12))
    (fp_line (start -1.68 0.95) (end -1.68 -0.95) (layer F.CrtYd) (width 0.05))
    (fp_line (start -1.68 -0.95) (end 1.68 -0.95) (layer F.CrtYd) (width 0.05))
    (fp_line (start 1.68 -0.95) (end 1.68 0.95) (layer F.CrtYd) (width 0.05))
    (fp_line (start 1.68 0.95) (end -1.68 0.95) (layer F.CrtYd) (width 0.05))
    (fp_text user %R (at 0 0 90) (layer F.Fab)
      (effects (font (size 0.5 0.5) (thickness 0.08)))
    )
    (pad 1 smd roundrect (at -0.9375 0 90) (size 0.975 1.4) (layers F.Cu F.Paste F.Mask) (roundrect_rratio 0.25)
      (net 4 +5V))
    (pad 2 smd roundrect (at 0.9375 0 90) (size 0.975 1.4) (layers F.Cu F.Paste F.Mask) (roundrect_rratio 0.25)
      (net 2 GND))
    (model ${KISYS3DMOD}/Capacitor_SMD.3dshapes/C_0805_2012Metric.wrl
      (at (xyz 0 0 0))
      (scale (xyz 1 1 1))
      (rotate (xyz 0 0 0))
    )
  )

  (module Capacitor_SMD:C_0805_2012Metric (layer F.Cu) (tedit 5B36C52B) (tstamp 5CB99515)
    (at 130.302 71.374 90)
    (descr "Capacitor SMD 0805 (2012 Metric), square (rectangular) end terminal, IPC_7351 nominal, (Body size source: https://docs.google.com/spreadsheets/d/1BsfQQcO9C6DZCsRaXUlFlo91Tg2WpOkGARC1WS5S8t0/edit?usp=sharing), generated with kicad-footprint-generator")
    (tags capacitor)
    (path /5C5A1A63)
    (attr smd)
    (fp_text reference C7 (at 0 -1.65 90) (layer F.SilkS)
      (effects (font (size 1 1) (thickness 0.15)))
    )
    (fp_text value 20pf (at 0 1.65 90) (layer F.Fab)
      (effects (font (size 1 1) (thickness 0.15)))
    )
    (fp_text user %R (at 0 0 90) (layer F.Fab)
      (effects (font (size 0.5 0.5) (thickness 0.08)))
    )
    (fp_line (start 1.68 0.95) (end -1.68 0.95) (layer F.CrtYd) (width 0.05))
    (fp_line (start 1.68 -0.95) (end 1.68 0.95) (layer F.CrtYd) (width 0.05))
    (fp_line (start -1.68 -0.95) (end 1.68 -0.95) (layer F.CrtYd) (width 0.05))
    (fp_line (start -1.68 0.95) (end -1.68 -0.95) (layer F.CrtYd) (width 0.05))
    (fp_line (start -0.258578 0.71) (end 0.258578 0.71) (layer F.SilkS) (width 0.12))
    (fp_line (start -0.258578 -0.71) (end 0.258578 -0.71) (layer F.SilkS) (width 0.12))
    (fp_line (start 1 0.6) (end -1 0.6) (layer F.Fab) (width 0.1))
    (fp_line (start 1 -0.6) (end 1 0.6) (layer F.Fab) (width 0.1))
    (fp_line (start -1 -0.6) (end 1 -0.6) (layer F.Fab) (width 0.1))
    (fp_line (start -1 0.6) (end -1 -0.6) (layer F.Fab) (width 0.1))
    (pad 2 smd roundrect (at 0.9375 0 90) (size 0.975 1.4) (layers F.Cu F.Paste F.Mask) (roundrect_rratio 0.25)
      (net 5 "Net-(C7-Pad2)"))
    (pad 1 smd roundrect (at -0.9375 0 90) (size 0.975 1.4) (layers F.Cu F.Paste F.Mask) (roundrect_rratio 0.25)
      (net 2 GND))
    (model ${KISYS3DMOD}/Capacitor_SMD.3dshapes/C_0805_2012Metric.wrl
      (at (xyz 0 0 0))
      (scale (xyz 1 1 1))
      (rotate (xyz 0 0 0))
    )
  )

  (module Capacitor_SMD:C_0805_2012Metric (layer F.Cu) (tedit 5B36C52B) (tstamp 5CB99525)
    (at 130.048 64.786 270)
    (descr "Capacitor SMD 0805 (2012 Metric), square (rectangular) end terminal, IPC_7351 nominal, (Body size source: https://docs.google.com/spreadsheets/d/1BsfQQcO9C6DZCsRaXUlFlo91Tg2WpOkGARC1WS5S8t0/edit?usp=sharing), generated with kicad-footprint-generator")
    (tags capacitor)
    (path /5C5A1B3E)
    (attr smd)
    (fp_text reference C8 (at 0 -1.65 90) (layer F.SilkS)
      (effects (font (size 1 1) (thickness 0.15)))
    )
    (fp_text value 20pf (at 0 1.65 90) (layer F.Fab)
      (effects (font (size 1 1) (thickness 0.15)))
    )
    (fp_text user %R (at 0 0 90) (layer F.Fab)
      (effects (font (size 0.5 0.5) (thickness 0.08)))
    )
    (fp_line (start 1.68 0.95) (end -1.68 0.95) (layer F.CrtYd) (width 0.05))
    (fp_line (start 1.68 -0.95) (end 1.68 0.95) (layer F.CrtYd) (width 0.05))
    (fp_line (start -1.68 -0.95) (end 1.68 -0.95) (layer F.CrtYd) (width 0.05))
    (fp_line (start -1.68 0.95) (end -1.68 -0.95) (layer F.CrtYd) (width 0.05))
    (fp_line (start -0.258578 0.71) (end 0.258578 0.71) (layer F.SilkS) (width 0.12))
    (fp_line (start -0.258578 -0.71) (end 0.258578 -0.71) (layer F.SilkS) (width 0.12))
    (fp_line (start 1 0.6) (end -1 0.6) (layer F.Fab) (width 0.1))
    (fp_line (start 1 -0.6) (end 1 0.6) (layer F.Fab) (width 0.1))
    (fp_line (start -1 -0.6) (end 1 -0.6) (layer F.Fab) (width 0.1))
    (fp_line (start -1 0.6) (end -1 -0.6) (layer F.Fab) (width 0.1))
    (pad 2 smd roundrect (at 0.9375 0 270) (size 0.975 1.4) (layers F.Cu F.Paste F.Mask) (roundrect_rratio 0.25)
      (net 6 "Net-(C8-Pad2)"))
    (pad 1 smd roundrect (at -0.9375 0 270) (size 0.975 1.4) (layers F.Cu F.Paste F.Mask) (roundrect_rratio 0.25)
      (net 2 GND))
    (model ${KISYS3DMOD}/Capacitor_SMD.3dshapes/C_0805_2012Metric.wrl
      (at (xyz 0 0 0))
      (scale (xyz 1 1 1))
      (rotate (xyz 0 0 0))
    )
  )

  (module Capacitor_SMD:C_0805_2012Metric (layer F.Cu) (tedit 5B36C52B) (tstamp 5CB99535)
    (at 118.309107 84.273107 315)
    (descr "Capacitor SMD 0805 (2012 Metric), square (rectangular) end terminal, IPC_7351 nominal, (Body size source: https://docs.google.com/spreadsheets/d/1BsfQQcO9C6DZCsRaXUlFlo91Tg2WpOkGARC1WS5S8t0/edit?usp=sharing), generated with kicad-footprint-generator")
    (tags capacitor)
    (path /5C5D7EA5)
    (attr smd)
    (fp_text reference C9 (at 0 -1.65 135) (layer F.SilkS)
      (effects (font (size 1 1) (thickness 0.15)))
    )
    (fp_text value .1uf (at 0 1.65 135) (layer F.Fab)
      (effects (font (size 1 1) (thickness 0.15)))
    )
    (fp_text user %R (at 0 0 135) (layer F.Fab)
      (effects (font (size 0.5 0.5) (thickness 0.08)))
    )
    (fp_line (start 1.68 0.95) (end -1.68 0.95) (layer F.CrtYd) (width 0.05))
    (fp_line (start 1.68 -0.95) (end 1.68 0.95) (layer F.CrtYd) (width 0.05))
    (fp_line (start -1.68 -0.95) (end 1.68 -0.95) (layer F.CrtYd) (width 0.05))
    (fp_line (start -1.68 0.95) (end -1.68 -0.95) (layer F.CrtYd) (width 0.05))
    (fp_line (start -0.258578 0.71) (end 0.258578 0.71) (layer F.SilkS) (width 0.12))
    (fp_line (start -0.258578 -0.71) (end 0.258578 -0.71) (layer F.SilkS) (width 0.12))
    (fp_line (start 1 0.6) (end -1 0.6) (layer F.Fab) (width 0.1))
    (fp_line (start 1 -0.6) (end 1 0.6) (layer F.Fab) (width 0.1))
    (fp_line (start -1 -0.6) (end 1 -0.6) (layer F.Fab) (width 0.1))
    (fp_line (start -1 0.6) (end -1 -0.6) (layer F.Fab) (width 0.1))
    (pad 2 smd roundrect (at 0.9375 0 315) (size 0.975 1.4) (layers F.Cu F.Paste F.Mask) (roundrect_rratio 0.25)
      (net 2 GND))
    (pad 1 smd roundrect (at -0.9375 0 315) (size 0.975 1.4) (layers F.Cu F.Paste F.Mask) (roundrect_rratio 0.25)
      (net 3 VCC))
    (model ${KISYS3DMOD}/Capacitor_SMD.3dshapes/C_0805_2012Metric.wrl
      (at (xyz 0 0 0))
      (scale (xyz 1 1 1))
      (rotate (xyz 0 0 0))
    )
  )

  (module Capacitor_SMD:C_0805_2012Metric (layer F.Cu) (tedit 5B36C52B) (tstamp 5CB99545)
    (at 116.658107 85.670107 315)
    (descr "Capacitor SMD 0805 (2012 Metric), square (rectangular) end terminal, IPC_7351 nominal, (Body size source: https://docs.google.com/spreadsheets/d/1BsfQQcO9C6DZCsRaXUlFlo91Tg2WpOkGARC1WS5S8t0/edit?usp=sharing), generated with kicad-footprint-generator")
    (tags capacitor)
    (path /5C5D7EFD)
    (attr smd)
    (fp_text reference C10 (at 0 -1.65 135) (layer F.SilkS)
      (effects (font (size 1 1) (thickness 0.15)))
    )
    (fp_text value 10uf (at 0 1.65 135) (layer F.Fab)
      (effects (font (size 1 1) (thickness 0.15)))
    )
    (fp_line (start -1 0.6) (end -1 -0.6) (layer F.Fab) (width 0.1))
    (fp_line (start -1 -0.6) (end 1 -0.6) (layer F.Fab) (width 0.1))
    (fp_line (start 1 -0.6) (end 1 0.6) (layer F.Fab) (width 0.1))
    (fp_line (start 1 0.6) (end -1 0.6) (layer F.Fab) (width 0.1))
    (fp_line (start -0.258578 -0.71) (end 0.258578 -0.71) (layer F.SilkS) (width 0.12))
    (fp_line (start -0.258578 0.71) (end 0.258578 0.71) (layer F.SilkS) (width 0.12))
    (fp_line (start -1.68 0.95) (end -1.68 -0.95) (layer F.CrtYd) (width 0.05))
    (fp_line (start -1.68 -0.95) (end 1.68 -0.95) (layer F.CrtYd) (width 0.05))
    (fp_line (start 1.68 -0.95) (end 1.68 0.95) (layer F.CrtYd) (width 0.05))
    (fp_line (start 1.68 0.95) (end -1.68 0.95) (layer F.CrtYd) (width 0.05))
    (fp_text user %R (at 0 0 135) (layer F.Fab)
      (effects (font (size 0.5 0.5) (thickness 0.08)))
    )
    (pad 1 smd roundrect (at -0.9375 0 315) (size 0.975 1.4) (layers F.Cu F.Paste F.Mask) (roundrect_rratio 0.25)
      (net 3 VCC))
    (pad 2 smd roundrect (at 0.9375 0 315) (size 0.975 1.4) (layers F.Cu F.Paste F.Mask) (roundrect_rratio 0.25)
      (net 2 GND))
    (model ${KISYS3DMOD}/Capacitor_SMD.3dshapes/C_0805_2012Metric.wrl
      (at (xyz 0 0 0))
      (scale (xyz 1 1 1))
      (rotate (xyz 0 0 0))
    )
  )

  (module Capacitor_SMD:C_0805_2012Metric (layer F.Cu) (tedit 5B36C52B) (tstamp 5CB99555)
    (at 116.983 71.882)
    (descr "Capacitor SMD 0805 (2012 Metric), square (rectangular) end terminal, IPC_7351 nominal, (Body size source: https://docs.google.com/spreadsheets/d/1BsfQQcO9C6DZCsRaXUlFlo91Tg2WpOkGARC1WS5S8t0/edit?usp=sharing), generated with kicad-footprint-generator")
    (tags capacitor)
    (path /5C6ABE20)
    (attr smd)
    (fp_text reference C11 (at 0 -1.65) (layer F.SilkS)
      (effects (font (size 1 1) (thickness 0.15)))
    )
    (fp_text value 10uf (at 0 1.65) (layer F.Fab)
      (effects (font (size 1 1) (thickness 0.15)))
    )
    (fp_line (start -1 0.6) (end -1 -0.6) (layer F.Fab) (width 0.1))
    (fp_line (start -1 -0.6) (end 1 -0.6) (layer F.Fab) (width 0.1))
    (fp_line (start 1 -0.6) (end 1 0.6) (layer F.Fab) (width 0.1))
    (fp_line (start 1 0.6) (end -1 0.6) (layer F.Fab) (width 0.1))
    (fp_line (start -0.258578 -0.71) (end 0.258578 -0.71) (layer F.SilkS) (width 0.12))
    (fp_line (start -0.258578 0.71) (end 0.258578 0.71) (layer F.SilkS) (width 0.12))
    (fp_line (start -1.68 0.95) (end -1.68 -0.95) (layer F.CrtYd) (width 0.05))
    (fp_line (start -1.68 -0.95) (end 1.68 -0.95) (layer F.CrtYd) (width 0.05))
    (fp_line (start 1.68 -0.95) (end 1.68 0.95) (layer F.CrtYd) (width 0.05))
    (fp_line (start 1.68 0.95) (end -1.68 0.95) (layer F.CrtYd) (width 0.05))
    (fp_text user %R (at 0 0) (layer F.Fab)
      (effects (font (size 0.5 0.5) (thickness 0.08)))
    )
    (pad 1 smd roundrect (at -0.9375 0) (size 0.975 1.4) (layers F.Cu F.Paste F.Mask) (roundrect_rratio 0.25)
      (net 3 VCC))
    (pad 2 smd roundrect (at 0.9375 0) (size 0.975 1.4) (layers F.Cu F.Paste F.Mask) (roundrect_rratio 0.25)
      (net 2 GND))
    (model ${KISYS3DMOD}/Capacitor_SMD.3dshapes/C_0805_2012Metric.wrl
      (at (xyz 0 0 0))
      (scale (xyz 1 1 1))
      (rotate (xyz 0 0 0))
    )
  )

  (module Diode_SMD:D_1806_4516Metric (layer F.Cu) (tedit 5B301BBE) (tstamp 5CB99565)
    (at 135.382 103.886 90)
    (descr "Diode SMD 1806 (4516 Metric), square (rectangular) end terminal, IPC_7351 nominal, (Body size source: https://www.modelithics.com/models/Vendor/MuRata/BLM41P.pdf), generated with kicad-footprint-generator")
    (tags diode)
    (path /5C6A4A57)
    (attr smd)
    (fp_text reference D2 (at -4.318 0 90) (layer F.SilkS)
      (effects (font (size 1 1) (thickness 0.15)))
    )
    (fp_text value D (at 0 1.85 90) (layer F.Fab)
      (effects (font (size 1 1) (thickness 0.15)))
    )
    (fp_line (start 2.25 -0.8) (end -1.85 -0.8) (layer F.Fab) (width 0.1))
    (fp_line (start -1.85 -0.8) (end -2.25 -0.4) (layer F.Fab) (width 0.1))
    (fp_line (start -2.25 -0.4) (end -2.25 0.8) (layer F.Fab) (width 0.1))
    (fp_line (start -2.25 0.8) (end 2.25 0.8) (layer F.Fab) (width 0.1))
    (fp_line (start 2.25 0.8) (end 2.25 -0.8) (layer F.Fab) (width 0.1))
    (fp_line (start 2.25 -1.16) (end -2.96 -1.16) (layer F.SilkS) (width 0.12))
    (fp_line (start -2.96 -1.16) (end -2.96 1.16) (layer F.SilkS) (width 0.12))
    (fp_line (start -2.96 1.16) (end 2.25 1.16) (layer F.SilkS) (width 0.12))
    (fp_line (start -2.95 1.15) (end -2.95 -1.15) (layer F.CrtYd) (width 0.05))
